MEME version 4

ALPHABET= ACGT

Background letter frequencies:
A 0.2500 C 0.2500 G 0.2500 T 0.2500 

MOTIF filter0 
letter-probability matrix: alength= 4 w= 19 nsites= 19 
0.4987 0.0494 0.1300 0.3219 
0.4438 0.0545 0.1160 0.3857 
0.2726 0.1860 0.1949 0.3466 
0.1118 0.0120 0.0308 0.8454 
0.0113 0.0088 0.9736 0.0063 
0.1596 0.8307 0.0041 0.0056 
0.0047 0.0113 0.0161 0.9679 
0.0088 0.0056 0.9064 0.0792 
0.9656 0.0079 0.0240 0.0024 
0.1025 0.4392 0.2887 0.1696 
0.2307 0.1535 0.0971 0.5187 
0.2202 0.3342 0.1785 0.2671 
0.4871 0.0754 0.1929 0.2447 
0.1887 0.1088 0.4044 0.2981 
0.2581 0.2475 0.2310 0.2634 
0.2661 0.2661 0.2486 0.2193 
0.2242 0.2559 0.2637 0.2562 
0.2342 0.2529 0.2460 0.2669 
0.2592 0.2691 0.2307 0.2409 

MOTIF filter1 
letter-probability matrix: alength= 4 w= 19 nsites= 19 
0.2580 0.2217 0.2436 0.2768 
0.2489 0.2533 0.2542 0.2436 
0.2491 0.2436 0.2726 0.2347 
0.2553 0.2549 0.2649 0.2250 
0.2644 0.2457 0.2699 0.2200 
0.1686 0.0760 0.5401 0.2152 
0.1351 0.5663 0.1389 0.1597 
0.2336 0.3493 0.2343 0.1828 
0.1560 0.0149 0.6583 0.1708 
0.0054 0.9883 0.0027 0.0036 
0.0136 0.9687 0.0072 0.0106 
0.9576 0.0081 0.0136 0.0207 
0.0009 0.0054 0.0098 0.9839 
0.0791 0.3783 0.2029 0.3397 
0.0346 0.0992 0.0599 0.8063 
0.0073 0.0824 0.0045 0.9058 
0.1239 0.1260 0.5214 0.2286 
0.2762 0.2410 0.2513 0.2315 
0.2461 0.2484 0.2630 0.2425 

MOTIF filter2 
letter-probability matrix: alength= 4 w= 19 nsites= 19 
0.1919 0.3645 0.1884 0.2553 
0.3306 0.2010 0.3069 0.1615 
0.3300 0.2674 0.2593 0.1433 
0.6385 0.1633 0.1436 0.0547 
0.0312 0.0607 0.0455 0.8626 
0.0377 0.1532 0.2175 0.5916 
0.3560 0.0170 0.6065 0.0205 
0.3112 0.3197 0.3303 0.0388 
0.0145 0.7062 0.2688 0.0105 
0.0228 0.8942 0.0000 0.0830 
0.9628 0.0247 0.0103 0.0022 
0.9979 0.0000 0.0000 0.0021 
0.0040 0.0826 0.0337 0.8797 
0.1216 0.5792 0.1944 0.1049 
0.6103 0.0680 0.2403 0.0814 
0.1580 0.1283 0.6410 0.0727 
0.2633 0.2356 0.2384 0.2626 
0.2355 0.2401 0.2338 0.2906 
0.2183 0.3137 0.2587 0.2093 

MOTIF filter3 
letter-probability matrix: alength= 4 w= 19 nsites= 19 
0.1757 0.1978 0.3629 0.2637 
0.3345 0.1647 0.1046 0.3963 
0.2209 0.3095 0.2882 0.1815 
0.2219 0.2672 0.4420 0.0688 
0.2649 0.1906 0.4134 0.1312 
0.3275 0.3308 0.1618 0.1799 
0.3650 0.2065 0.0569 0.3715 
0.2486 0.0298 0.1590 0.5625 
0.0369 0.1200 0.2261 0.6170 
0.1215 0.5197 0.2427 0.1161 
0.0159 0.8746 0.0503 0.0592 
0.0879 0.2811 0.0273 0.6036 
0.4099 0.0839 0.4506 0.0556 
0.0333 0.0433 0.7313 0.1921 
0.9137 0.0018 0.0243 0.0603 
0.8279 0.0626 0.1095 0.0000 
0.6815 0.0932 0.2229 0.0024 
0.1300 0.3607 0.2525 0.2569 
0.3434 0.1505 0.2366 0.2695 

MOTIF filter4 
letter-probability matrix: alength= 4 w= 19 nsites= 19 
0.2262 0.2443 0.2897 0.2398 
0.2559 0.2251 0.2694 0.2496 
0.2537 0.2440 0.2539 0.2484 
0.2375 0.2396 0.2572 0.2657 
0.2689 0.2406 0.2390 0.2516 
0.3797 0.1898 0.3505 0.0800 
0.0013 0.0075 0.0015 0.9897 
0.0047 0.0141 0.1959 0.7853 
0.2858 0.0090 0.5140 0.1912 
0.0968 0.5554 0.1093 0.2385 
0.2376 0.0616 0.5831 0.1178 
0.2048 0.4398 0.0076 0.3479 
0.7699 0.2092 0.0126 0.0083 
0.9332 0.0355 0.0287 0.0026 
0.0816 0.3301 0.1958 0.3924 
0.2524 0.2528 0.2444 0.2504 
0.2381 0.2547 0.2659 0.2413 
0.2641 0.2435 0.2305 0.2619 
0.2409 0.2427 0.2632 0.2533 

MOTIF filter5 
letter-probability matrix: alength= 4 w= 19 nsites= 19 
0.2468 0.2635 0.2467 0.2431 
0.2582 0.2493 0.2465 0.2460 
0.2606 0.2405 0.2484 0.2505 
0.5681 0.0124 0.0000 0.4196 
0.0000 0.0009 0.0000 0.9991 
0.0208 0.2531 0.0005 0.7256 
0.7286 0.0002 0.2609 0.0103 
0.9982 0.0011 0.0000 0.0007 
0.4157 0.0000 0.0270 0.5573 
0.2555 0.2629 0.2375 0.2442 
0.2493 0.2323 0.2519 0.2665 
0.2579 0.2480 0.2524 0.2417 
0.2816 0.2296 0.2364 0.2524 
0.2712 0.2312 0.2442 0.2534 
0.2660 0.2444 0.2557 0.2339 
0.2467 0.2361 0.2580 0.2592 
0.2308 0.2826 0.2385 0.2481 
0.2746 0.2216 0.2517 0.2520 
0.2514 0.2518 0.2546 0.2422 

MOTIF filter6 
letter-probability matrix: alength= 4 w= 19 nsites= 19 
0.0000 0.0000 0.1018 0.8982 
0.3843 0.0010 0.5389 0.0758 
0.0030 0.7190 0.0030 0.2749 
0.1346 0.0632 0.7911 0.0111 
0.0972 0.6622 0.0000 0.2405 
0.9612 0.0383 0.0000 0.0005 
0.9980 0.0020 0.0000 0.0000 
0.0394 0.4077 0.1312 0.4217 
0.2269 0.3021 0.2296 0.2414 
0.2175 0.2665 0.2210 0.2950 
0.2757 0.2479 0.1860 0.2905 
0.2507 0.2253 0.2359 0.2882 
0.2210 0.2900 0.2417 0.2473 
0.2456 0.2007 0.2840 0.2697 
0.2553 0.2505 0.2733 0.2209 
0.2374 0.2107 0.2648 0.2871 
0.2777 0.2460 0.2211 0.2552 
0.2327 0.2147 0.2725 0.2800 
0.2422 0.2112 0.2497 0.2969 

MOTIF filter7 
letter-probability matrix: alength= 4 w= 19 nsites= 19 
0.1223 0.2172 0.1658 0.4948 
0.0052 0.0123 0.0084 0.9741 
0.0015 0.0106 0.0314 0.9565 
0.1056 0.8785 0.0098 0.0061 
0.0266 0.7417 0.0000 0.2317 
0.2748 0.2232 0.2554 0.2466 
0.2157 0.0038 0.7565 0.0239 
0.0068 0.0184 0.8795 0.0953 
0.9572 0.0200 0.0106 0.0122 
0.9887 0.0015 0.0053 0.0045 
0.4842 0.1477 0.2102 0.1579 
0.2671 0.2407 0.2392 0.2529 
0.2485 0.2426 0.2680 0.2409 
0.2649 0.2510 0.2542 0.2299 
0.2337 0.2714 0.2721 0.2227 
0.2202 0.2611 0.2673 0.2514 
0.2690 0.2481 0.2355 0.2473 
0.2222 0.2838 0.2541 0.2399 
0.2588 0.2725 0.2386 0.2301 

MOTIF filter8 
letter-probability matrix: alength= 4 w= 19 nsites= 19 
0.2634 0.2782 0.2345 0.2238 
0.2763 0.2478 0.1732 0.3026 
0.3103 0.2859 0.1914 0.2124 
0.3011 0.2939 0.2194 0.1855 
0.2018 0.3195 0.2030 0.2757 
0.2758 0.2536 0.2624 0.2082 
0.2491 0.2229 0.2623 0.2658 
0.2036 0.2764 0.2663 0.2537 
0.0866 0.2946 0.4195 0.1992 
0.0119 0.6733 0.1032 0.2116 
0.0155 0.7432 0.0255 0.2158 
0.0084 0.8792 0.0784 0.0340 
0.0104 0.8523 0.0381 0.0992 
0.1015 0.2482 0.3740 0.2763 
0.0249 0.9340 0.0278 0.0133 
0.0287 0.8988 0.0098 0.0626 
0.0269 0.7692 0.0196 0.1843 
0.0862 0.6898 0.0099 0.2141 
0.0438 0.5378 0.1072 0.3111 

MOTIF filter9 
letter-probability matrix: alength= 4 w= 19 nsites= 19 
0.0000 0.3395 0.0472 0.6133 
0.1969 0.2940 0.1351 0.3740 
0.1550 0.4834 0.2383 0.1232 
0.0478 0.3065 0.1049 0.5407 
0.0271 0.1017 0.6146 0.2565 
0.8525 0.0389 0.0049 0.1036 
0.3033 0.1776 0.0847 0.4344 
0.0079 0.2621 0.0269 0.7031 
0.1217 0.1476 0.5761 0.1545 
0.2544 0.1255 0.5329 0.0872 
0.2742 0.0703 0.0120 0.6435 
0.1284 0.5495 0.1685 0.1537 
0.1922 0.4502 0.0640 0.2936 
0.2010 0.0421 0.1481 0.6088 
0.0040 0.2824 0.6027 0.1110 
0.2526 0.3339 0.1309 0.2826 
0.2768 0.4067 0.0486 0.2679 
0.0303 0.3871 0.2861 0.2965 
0.1393 0.0207 0.3285 0.5114 

MOTIF filter10 
letter-probability matrix: alength= 4 w= 19 nsites= 19 
0.3474 0.2850 0.3158 0.0518 
0.0292 0.0267 0.0194 0.9246 
0.0282 0.0257 0.8820 0.0641 
0.9246 0.0236 0.0350 0.0168 
0.0337 0.4348 0.4800 0.0514 
0.0215 0.0232 0.0248 0.9305 
0.0732 0.8765 0.0250 0.0253 
0.9287 0.0240 0.0263 0.0210 
0.0402 0.3330 0.2754 0.3514 
0.2173 0.3515 0.2155 0.2157 
0.2624 0.2529 0.2574 0.2273 
0.2683 0.2342 0.2490 0.2485 
0.2368 0.2423 0.2624 0.2585 
0.2480 0.2381 0.2547 0.2592 
0.2472 0.2530 0.2348 0.2650 
0.2507 0.2462 0.2538 0.2493 
0.2619 0.2574 0.2479 0.2328 
0.2534 0.2439 0.2682 0.2345 
0.2429 0.2392 0.2527 0.2652 

MOTIF filter11 
letter-probability matrix: alength= 4 w= 19 nsites= 19 
0.0897 0.3369 0.3577 0.2158 
0.1494 0.1120 0.2399 0.4987 
0.0875 0.0884 0.7129 0.1112 
0.6704 0.0376 0.2040 0.0879 
0.1605 0.1089 0.3560 0.3746 
0.0622 0.1332 0.2038 0.6008 
0.1140 0.1258 0.6238 0.1365 
0.0480 0.0407 0.7266 0.1847 
0.2585 0.0854 0.3240 0.3322 
0.0894 0.6192 0.1966 0.0948 
0.0835 0.7390 0.1235 0.0541 
0.5998 0.2852 0.0525 0.0624 
0.4737 0.2759 0.0697 0.1807 
0.2051 0.1781 0.0000 0.6168 
0.0365 0.6255 0.1758 0.1621 
0.3166 0.3982 0.2145 0.0707 
0.1424 0.3641 0.4430 0.0505 
0.1869 0.3763 0.1446 0.2922 
0.2102 0.3854 0.1788 0.2256 

MOTIF filter12 
letter-probability matrix: alength= 4 w= 19 nsites= 19 
0.2593 0.2592 0.2616 0.2199 
0.2550 0.2471 0.2551 0.2428 
0.2565 0.2330 0.2419 0.2686 
0.2688 0.2297 0.2506 0.2509 
0.2264 0.2420 0.2525 0.2792 
0.2433 0.2651 0.2452 0.2464 
0.1596 0.1128 0.3336 0.3940 
0.0948 0.7019 0.0146 0.1887 
0.0242 0.0438 0.0511 0.8808 
0.9071 0.0256 0.0302 0.0371 
0.3165 0.0089 0.0162 0.6583 
0.4434 0.0195 0.0057 0.5315 
0.5249 0.0080 0.0125 0.4547 
0.6518 0.0224 0.0047 0.3211 
0.0297 0.0269 0.0384 0.9050 
0.8990 0.0346 0.0570 0.0094 
0.1921 0.0145 0.6903 0.1031 
0.3968 0.3301 0.1001 0.1730 
0.2650 0.2490 0.2552 0.2308 

MOTIF filter13 
letter-probability matrix: alength= 4 w= 19 nsites= 19 
0.2330 0.2713 0.2517 0.2441 
0.2632 0.2479 0.2610 0.2279 
0.3350 0.2073 0.2984 0.1593 
0.2677 0.2914 0.2573 0.1837 
0.0434 0.9092 0.0164 0.0310 
0.8671 0.0280 0.0639 0.0411 
0.0271 0.8469 0.0383 0.0877 
0.0906 0.0425 0.8490 0.0179 
0.0496 0.0444 0.0349 0.8711 
0.0035 0.0401 0.9095 0.0470 
0.1738 0.2805 0.2749 0.2709 
0.1673 0.2659 0.2190 0.3479 
0.2743 0.2299 0.2494 0.2464 
0.2537 0.2585 0.2581 0.2297 
0.2671 0.2447 0.2302 0.2580 
0.2428 0.2476 0.2573 0.2524 
0.2217 0.2723 0.2549 0.2511 
0.2540 0.2652 0.2488 0.2320 
0.2584 0.2478 0.2443 0.2495 

MOTIF filter14 
letter-probability matrix: alength= 4 w= 19 nsites= 19 
0.2403 0.2483 0.2486 0.2627 
0.2781 0.2533 0.2475 0.2211 
0.2522 0.2471 0.2539 0.2469 
0.2667 0.2455 0.2495 0.2383 
0.2566 0.2488 0.2489 0.2457 
0.2435 0.2550 0.2345 0.2670 
0.2501 0.2299 0.2603 0.2596 
0.2451 0.2654 0.2451 0.2444 
0.2627 0.2372 0.2522 0.2479 
0.1722 0.2278 0.1935 0.4064 
0.0062 0.0620 0.0231 0.9087 
0.0185 0.0243 0.0501 0.9071 
0.1671 0.7992 0.0000 0.0337 
0.0498 0.6489 0.0000 0.3013 
0.2548 0.2485 0.2544 0.2423 
0.2877 0.0062 0.6388 0.0674 
0.0359 0.0151 0.7915 0.1575 
0.8979 0.0712 0.0189 0.0120 
0.9259 0.0039 0.0702 0.0000 

MOTIF filter15 
letter-probability matrix: alength= 4 w= 19 nsites= 19 
0.1582 0.1008 0.0593 0.6816 
0.0596 0.0945 0.6072 0.2387 
0.4230 0.3839 0.0814 0.1117 
0.0075 0.9802 0.0123 0.0000 
0.0048 0.9462 0.0192 0.0298 
0.7925 0.0068 0.0148 0.1859 
0.0350 0.0000 0.0019 0.9632 
0.9751 0.0038 0.0091 0.0120 
0.0000 0.0029 0.0039 0.9932 
0.9397 0.0029 0.0047 0.0526 
0.1878 0.0142 0.0051 0.7929 
0.0332 0.0211 0.9430 0.0027 
0.0151 0.0142 0.9706 0.0000 
0.1500 0.0790 0.3675 0.4036 
0.2185 0.6256 0.1149 0.0411 
0.6837 0.0568 0.0899 0.1697 
0.2295 0.2513 0.2684 0.2508 
0.2771 0.2554 0.2079 0.2596 
0.2625 0.2416 0.2400 0.2559 

MOTIF filter16 
letter-probability matrix: alength= 4 w= 19 nsites= 19 
0.1069 0.0633 0.3351 0.4947 
0.0623 0.8348 0.0124 0.0905 
0.0141 0.0000 0.0267 0.9592 
0.9586 0.0249 0.0049 0.0115 
0.2704 0.0016 0.0248 0.7032 
0.4471 0.0142 0.0042 0.5345 
0.5007 0.0050 0.0108 0.4835 
0.7086 0.0099 0.0074 0.2741 
0.0191 0.0024 0.0148 0.9637 
0.9745 0.0090 0.0048 0.0116 
0.1097 0.0158 0.8090 0.0655 
0.4564 0.3468 0.0605 0.1363 
0.2356 0.2313 0.2543 0.2789 
0.2622 0.2346 0.2627 0.2405 
0.2553 0.2459 0.2663 0.2325 
0.2280 0.2345 0.2735 0.2640 
0.2415 0.2390 0.2575 0.2620 
0.2259 0.2476 0.2521 0.2743 
0.2420 0.2838 0.2697 0.2045 

MOTIF filter17 
letter-probability matrix: alength= 4 w= 19 nsites= 19 
0.2889 0.1909 0.2426 0.2777 
0.2336 0.2108 0.3105 0.2451 
0.2560 0.2553 0.2889 0.1997 
0.2767 0.1418 0.5028 0.0788 
0.1901 0.0089 0.6484 0.1526 
0.3064 0.0050 0.6862 0.0025 
0.0142 0.0076 0.9770 0.0012 
0.0012 0.0126 0.9861 0.0000 
0.3363 0.5223 0.0164 0.1251 
0.0488 0.0077 0.9410 0.0025 
0.0050 0.0153 0.9797 0.0000 
0.2719 0.0025 0.7141 0.0114 
0.2190 0.1042 0.6768 0.0000 
0.2061 0.4609 0.2447 0.0884 
0.2680 0.2436 0.2583 0.2301 
0.2181 0.2232 0.3230 0.2357 
0.2687 0.2574 0.2394 0.2345 
0.2409 0.2491 0.2644 0.2456 
0.2607 0.2151 0.3031 0.2212 

MOTIF filter18 
letter-probability matrix: alength= 4 w= 19 nsites= 19 
0.2494 0.2333 0.2585 0.2588 
0.2336 0.3021 0.2367 0.2276 
0.2155 0.3184 0.2313 0.2348 
0.3068 0.2020 0.2420 0.2493 
0.1963 0.3070 0.2202 0.2765 
0.1838 0.1949 0.1923 0.4289 
0.1902 0.2591 0.1757 0.3750 
0.0463 0.7603 0.1934 0.0000 
0.0883 0.9087 0.0000 0.0030 
0.0000 0.0000 0.9748 0.0252 
0.0000 0.0383 0.9548 0.0069 
0.8705 0.0533 0.0361 0.0401 
0.8914 0.0394 0.0338 0.0354 
0.1642 0.0803 0.6794 0.0760 
0.0880 0.2630 0.1063 0.5427 
0.1799 0.1924 0.4783 0.1494 
0.2885 0.2248 0.3829 0.1038 
0.2422 0.3071 0.2338 0.2170 
0.2452 0.2775 0.2495 0.2279 

MOTIF filter19 
letter-probability matrix: alength= 4 w= 19 nsites= 19 
0.2379 0.2836 0.2197 0.2589 
0.3124 0.2491 0.2213 0.2172 
0.3111 0.1880 0.2216 0.2793 
0.2672 0.3067 0.2100 0.2160 
0.3011 0.1996 0.2778 0.2215 
0.2436 0.2894 0.2381 0.2289 
0.2195 0.2773 0.2785 0.2248 
0.4949 0.1500 0.3184 0.0366 
0.0006 0.0003 0.0046 0.9945 
0.0119 0.0006 0.2076 0.7799 
0.2167 0.0790 0.5322 0.1721 
0.0671 0.7105 0.0316 0.1908 
0.2232 0.0089 0.7049 0.0630 
0.1845 0.4411 0.0803 0.2940 
0.7593 0.1785 0.0214 0.0408 
0.9111 0.0300 0.0254 0.0334 
0.1161 0.3101 0.1651 0.4087 
0.2936 0.2235 0.2623 0.2205 
0.2272 0.2466 0.2589 0.2673 

MOTIF filter20 
letter-probability matrix: alength= 4 w= 19 nsites= 19 
0.2579 0.2559 0.2544 0.2318 
0.2636 0.2334 0.2427 0.2603 
0.2272 0.2353 0.2697 0.2679 
0.2575 0.2412 0.2696 0.2317 
0.2216 0.4996 0.1471 0.1318 
0.8502 0.0287 0.0838 0.0373 
0.8193 0.0532 0.0921 0.0354 
0.3663 0.1894 0.3717 0.0726 
0.9645 0.0132 0.0063 0.0160 
0.0112 0.0275 0.0175 0.9438 
0.0282 0.0176 0.9260 0.0282 
0.0153 0.0099 0.9588 0.0160 
0.1446 0.6289 0.0286 0.1979 
0.1348 0.2653 0.3319 0.2681 
0.1914 0.1499 0.4987 0.1600 
0.2361 0.4819 0.1134 0.1686 
0.2618 0.2345 0.2530 0.2506 
0.2822 0.2355 0.2311 0.2512 
0.2505 0.2471 0.2314 0.2710 

MOTIF filter21 
letter-probability matrix: alength= 4 w= 19 nsites= 19 
0.1686 0.3992 0.1727 0.2596 
0.0000 0.3236 0.4816 0.1948 
0.0551 0.2314 0.4248 0.2887 
0.2624 0.2239 0.2901 0.2237 
0.3281 0.2352 0.2797 0.1570 
0.4721 0.1639 0.2495 0.1145 
0.0317 0.4220 0.2350 0.3114 
0.2645 0.1622 0.1503 0.4230 
0.1543 0.2561 0.3590 0.2306 
0.1307 0.1405 0.3791 0.3497 
0.3125 0.0056 0.4672 0.2146 
0.0564 0.0367 0.7935 0.1133 
0.0132 0.1896 0.7685 0.0287 
0.1335 0.0359 0.5613 0.2693 
0.2051 0.1711 0.5285 0.0954 
0.0411 0.0986 0.7976 0.0627 
0.0724 0.0327 0.8286 0.0663 
0.0396 0.0119 0.8994 0.0490 
0.0776 0.2405 0.6190 0.0629 

MOTIF filter22 
letter-probability matrix: alength= 4 w= 19 nsites= 19 
0.3953 0.1630 0.4288 0.0129 
0.0602 0.0147 0.0588 0.8663 
0.0190 0.0241 0.0939 0.8630 
0.1431 0.0000 0.5931 0.2638 
0.0150 0.9256 0.0516 0.0078 
0.0543 0.0000 0.8893 0.0565 
0.1127 0.6453 0.0352 0.2068 
0.7466 0.1484 0.0241 0.0809 
0.8555 0.0256 0.0932 0.0257 
0.0254 0.3966 0.2030 0.3750 
0.1925 0.3230 0.1962 0.2884 
0.2292 0.1333 0.4082 0.2293 
0.0650 0.4507 0.2383 0.2461 
0.1490 0.4187 0.1922 0.2401 
0.1550 0.2273 0.4267 0.1910 
0.1701 0.3153 0.2120 0.3025 
0.1546 0.3975 0.3993 0.0486 
0.1459 0.2930 0.4362 0.1249 
0.1347 0.1763 0.2062 0.4828 

MOTIF filter23 
letter-probability matrix: alength= 4 w= 19 nsites= 19 
0.2473 0.2073 0.2904 0.2550 
0.2134 0.2524 0.2689 0.2653 
0.2396 0.2198 0.2767 0.2639 
0.2592 0.2241 0.2613 0.2554 
0.2582 0.2500 0.2522 0.2396 
0.2347 0.2653 0.2151 0.2849 
0.2565 0.2465 0.2445 0.2525 
0.2549 0.2282 0.2368 0.2801 
0.2277 0.2739 0.2371 0.2613 
0.2578 0.2315 0.2658 0.2449 
0.4070 0.1918 0.2747 0.1266 
0.2361 0.3350 0.2954 0.1335 
0.0571 0.9332 0.0018 0.0080 
0.9348 0.0066 0.0342 0.0243 
0.0138 0.8679 0.0218 0.0965 
0.1068 0.0160 0.8692 0.0080 
0.0044 0.0607 0.0031 0.9317 
0.0036 0.0067 0.9791 0.0107 
0.1401 0.2743 0.3068 0.2788 

MOTIF filter24 
letter-probability matrix: alength= 4 w= 19 nsites= 19 
0.3287 0.2412 0.0221 0.4080 
0.4597 0.0255 0.2048 0.3099 
0.0159 0.2163 0.5216 0.2461 
0.2017 0.2745 0.2693 0.2545 
0.0098 0.1625 0.3981 0.4296 
0.1568 0.4347 0.3409 0.0675 
0.1020 0.6035 0.0733 0.2213 
0.2770 0.4128 0.2539 0.0563 
0.0231 0.4072 0.5359 0.0338 
0.4723 0.0874 0.4289 0.0114 
0.3392 0.5146 0.0169 0.1293 
0.0754 0.9246 0.0000 0.0000 
0.0014 0.2597 0.3799 0.3590 
0.6608 0.3281 0.0111 0.0000 
0.1661 0.4493 0.3706 0.0140 
0.2742 0.3904 0.1886 0.1468 
0.0769 0.3023 0.5867 0.0341 
0.0474 0.2055 0.2877 0.4594 
0.4793 0.3568 0.0995 0.0644 

MOTIF filter25 
letter-probability matrix: alength= 4 w= 19 nsites= 19 
0.2280 0.2654 0.2420 0.2646 
0.2632 0.2350 0.2419 0.2599 
0.1348 0.2573 0.3746 0.2333 
0.0000 0.5983 0.1116 0.2902 
0.0764 0.6636 0.0038 0.2562 
0.0236 0.9408 0.0136 0.0219 
0.0144 0.9276 0.0069 0.0511 
0.2083 0.0023 0.4325 0.3570 
0.0138 0.9343 0.0305 0.0214 
0.0281 0.9269 0.0260 0.0190 
0.0030 0.6958 0.0076 0.2936 
0.1529 0.6522 0.0008 0.1941 
0.1135 0.5104 0.1186 0.2575 
0.2733 0.2375 0.2265 0.2627 
0.2291 0.2585 0.2349 0.2776 
0.2342 0.2647 0.2491 0.2520 
0.2357 0.2400 0.2477 0.2766 
0.2604 0.2406 0.2477 0.2513 
0.2433 0.2296 0.2887 0.2384 

MOTIF filter26 
letter-probability matrix: alength= 4 w= 19 nsites= 19 
0.2430 0.2447 0.2587 0.2536 
0.2436 0.2735 0.2290 0.2538 
0.2685 0.2411 0.2588 0.2316 
0.2303 0.2325 0.2575 0.2797 
0.2594 0.2111 0.2696 0.2600 
0.2534 0.2502 0.2586 0.2378 
0.2772 0.3990 0.1190 0.2048 
0.2507 0.2338 0.1069 0.4085 
0.2692 0.1893 0.3362 0.2052 
0.4698 0.1245 0.1532 0.2525 
0.2035 0.2836 0.4240 0.0889 
0.0125 0.0219 0.0168 0.9489 
0.1444 0.8102 0.0177 0.0278 
0.9691 0.0083 0.0164 0.0061 
0.0231 0.0085 0.7664 0.2020 
0.0241 0.9041 0.0432 0.0286 
0.7759 0.0673 0.0266 0.1301 
0.3499 0.1547 0.1965 0.2989 
0.4200 0.1160 0.0710 0.3931 

MOTIF filter27 
letter-probability matrix: alength= 4 w= 19 nsites= 19 
0.2379 0.2602 0.2350 0.2668 
0.2661 0.2602 0.2168 0.2570 
0.2479 0.2737 0.2261 0.2522 
0.2456 0.2653 0.2383 0.2508 
0.2623 0.2381 0.2534 0.2463 
0.2718 0.2361 0.2498 0.2423 
0.2473 0.2581 0.2408 0.2539 
0.2565 0.2174 0.2764 0.2497 
0.2304 0.2336 0.3013 0.2348 
0.2944 0.1209 0.4574 0.1273 
0.1988 0.0235 0.5852 0.1925 
0.3056 0.0107 0.6561 0.0276 
0.0045 0.0302 0.9315 0.0339 
0.0369 0.0204 0.8967 0.0460 
0.3324 0.4213 0.0224 0.2239 
0.0570 0.0282 0.8773 0.0375 
0.0040 0.0177 0.9528 0.0255 
0.2758 0.0322 0.6534 0.0386 
0.2297 0.0979 0.6581 0.0142 

MOTIF filter28 
letter-probability matrix: alength= 4 w= 19 nsites= 19 
0.0476 0.0770 0.6444 0.2310 
0.4302 0.3977 0.0709 0.1012 
0.0043 0.9945 0.0012 0.0000 
0.0022 0.9820 0.0056 0.0102 
0.8259 0.0022 0.0091 0.1627 
0.0243 0.0000 0.0010 0.9746 
0.9934 0.0034 0.0010 0.0022 
0.0010 0.0011 0.0056 0.9923 
0.9684 0.0011 0.0033 0.0272 
0.1852 0.0092 0.0058 0.7998 
0.0079 0.0113 0.9775 0.0032 
0.0044 0.0056 0.9868 0.0031 
0.1273 0.0784 0.3842 0.4102 
0.2041 0.6641 0.1019 0.0300 
0.7122 0.0417 0.0705 0.1756 
0.2324 0.2567 0.2620 0.2489 
0.2655 0.2692 0.2045 0.2608 
0.2540 0.2447 0.2366 0.2648 
0.2625 0.2727 0.2241 0.2408 

MOTIF filter29 
letter-probability matrix: alength= 4 w= 19 nsites= 19 
0.2562 0.2455 0.2461 0.2523 
0.2481 0.2458 0.2769 0.2292 
0.2512 0.2577 0.2458 0.2453 
0.2836 0.2461 0.2313 0.2390 
0.2454 0.2629 0.2631 0.2286 
0.2302 0.2674 0.2862 0.2161 
0.1888 0.2322 0.3425 0.2365 
0.0544 0.4315 0.2649 0.2492 
0.1277 0.5249 0.1734 0.1740 
0.6011 0.0465 0.2804 0.0720 
0.0095 0.7931 0.0591 0.1383 
0.0075 0.0056 0.0085 0.9784 
0.0139 0.0120 0.0226 0.9515 
0.0179 0.9510 0.0132 0.0179 
0.0129 0.9467 0.0168 0.0236 
0.0150 0.0196 0.8299 0.1356 
0.0114 0.2445 0.6496 0.0945 
0.1626 0.2873 0.2835 0.2666 
0.2236 0.2356 0.2568 0.2841 

